name: compaseve
channels:
  - conda-forge
  - defaults
dependencies:
  - attrs=24.3.0=pyh71513ae_0
  - bzip2=1.0.8=h2466b09_7
  - ca-certificates=2024.12.14=h56e8100_0
  - compas=2.8.0=pyhd8ed1ab_0
  - compas_eve=1.0.0=pyhd8ed1ab_0
  - importlib_resources=6.4.5=pyhd8ed1ab_1
  - intel-openmp=2024.2.1=h57928b3_1083
  - jsonschema=4.23.0=pyhd8ed1ab_1
  - jsonschema-specifications=2024.10.1=pyhd8ed1ab_1
  - libblas=3.9.0=26_win64_mkl
  - libcblas=3.9.0=26_win64_mkl
  - libexpat=2.6.4=he0c23c2_0
  - libffi=3.4.2=h8ffe710_5
  - libhwloc=2.11.2=default_ha69328c_1001
  - libiconv=1.17=hcfcfb64_2
  - liblapack=3.9.0=26_win64_mkl
  - liblzma=5.6.3=h2466b09_1
  - libsqlite=3.47.2=h67fdade_0
  - libwinpthread=12.0.0.r4.gg4f2fc60ca=h57928b3_8
  - libxml2=2.13.5=he286e8c_1
  - libzlib=1.3.1=h2466b09_2
  - mkl=2024.2.2=h66d3029_15
  - networkx=3.4.2=pyh267e887_2
  - numpy=1.26.4=py312h8753938_0
  - openssl=3.4.0=ha4e3fda_1
  - paho-mqtt=1.6.1=pyhd8ed1ab_0
  - pip=24.3.1=pyh8b19718_2
  - pkgutil-resolve-name=1.3.10=pyhd8ed1ab_2
  - python=3.12.8=h3f84c4b_1_cpython
  - python_abi=3.12=5_cp312
  - pyyaml=6.0.2=py312h4389bb4_1
  - referencing=0.35.1=pyhd8ed1ab_1
  - rpds-py=0.22.3=py312h2615798_0
  - scipy=1.15.0=py312h928f2a1_0
  - setuptools=75.6.0=pyhff2d567_1
  - tbb=2021.13.0=h62715c5_1
  - tk=8.6.13=h5226925_1
  - tzdata=2024b=hc8b5060_0
  - ucrt=10.0.22621.0=h57928b3_1
  - vc=14.3=ha32ba9b_23
  - vc14_runtime=14.42.34433=he29a5d6_23
  - vs2015_runtime=14.42.34433=hdffcdeb_23
  - watchdog=6.0.0=py312h2e8e312_0
  - wheel=0.45.1=pyhd8ed1ab_1
  - yaml=0.2.5=h8ffe710_2
  - zipp=3.21.0=pyhd8ed1ab_1
prefix: C:\Users\Dodo\miniconda3\envs\compaseve
